R= [0  1  0  0  1  0  0  0  0  0  1  0  0  0  0  0  0  0  0  0
    1  0  1  0  1  0  0  0  0  0  0  0  0  0  0  0  0  0  0  0
    0  1  0  1  0  1  0  0  0  0  0  0  0  0  0  0  0  0  0  0
    0  0  1  0  1  1  0  0  0  0  0  0  0  0  0  0  0  0  0  0
    1  1  0  1  0  0  10 0  0  0  1  0  0  0  0  0  0  0  0  0
    0  0  1  1  0  0  1  0  1  0  0  1  0  0  0  0  0  0  0  0
    0  0  0  0  10 1  0  10 0  0  0  0  0  0  0  0  0  0  0  0
    0  0  0  0  0  0  10 0  10 0  1  0  10 0  0  0  0  0  0  0
    0  0  0  0  0  1  0  10 0  1  0  0  0  0  0  0  0  0  0  0
    0  0  0  0  0  0  0  0  1  0  0  1  0  0  1  0  0  0  0  0
    1  0  0  0  1  0  0  1  0  0  0  0  0  1  0  0  0  0  0  0
    0  0  0  0  0  1  0  0  0  1  0  0  0  0  0  1  0  0  0  0
    0  0  0  0  0  0  0  10 0  0  0  0  0  1  1  0  0  0  1  0
    0  0  0  0  0  0  0  0  0  0  1  0  1  0  0  0  0  0  0  1
    0  0  0  0  0  0  0  0  0  1  0  0  1  0  0  0  1  0  0  0
    0  0  0  0  0  0  0  0  0  0  0  1  0  0  0  0  1  0  0  0
    0  0  0  0  0  0  0  0  0  0  0  0  0  0  1  1  0  1  0  0
    0  0  0  0  0  0  0  0  0  0  0  0  0  0  0  0  1  0  1  0
    0  0  0  0  0  0  0  0  0  0  0  0  1  0  0  0  0  1  0  1
    0  0  0  0  0  0  0  0  0  0  0  0  0  1  0  0  0  0  1  0];

L=[0   119 0   0   147 0   0   0   0   0   292 0   0   0   0   0   0   0   0   0
   119 0   61  0   105 0   0   0   0   0   0   0   0   0   0   0   0   0   0   0
   0   61  0   40  0   136 0   0   0   0   0   0   0   0   0   0   0   0   0   0
   0   0   40  0   83  116 0   0   0   0   0   0   0   0   0   0   0   0   0   0
   147 105 0   83  0   0   65  0   0   0   181 0   0   0   0   0   0   0   0   0
   0   0   136 116 0   0   120 0   136 0   0   157 0   0   0   0   0   0   0   0
   0   0   0   0   65  120 0   95  0   0   0   0   0   0   0   0   0   0   0   0
   0   0   0   0   0   0   95  0   71  0   80  0   67  0   0   0   0   0   0   0
   0   0   0   0   0   136 0   71  0   51  0   0   0   0   0   0   0   0   0   0
   0   0   0   0   0   0   0   0   51  0   0   32  0   0   87  0   0   0   0   0
   292 0   0   0   181 0   0   80  0   0   0   0   0   73  0   0   0   0   0   0
   0   0   0   0   0   157 0   0   0   32  0   0   0   0   0   61  0   0   0   0
   0   0   0   0   0   0   0   67  0   0   0   0   0   68  40  0   0   0   101 0
   0   0   0   0   0   0   0   0   0   0   73  0   68  0   0   0   0   0   0   103
   0   0   0   0   0   0   0   0   0   87  0   0   40  0   0   0   45  0   0   0
   0   0   0   0   0   0   0   0   0   0   0   61  0   0   0   0   81  0   0   0
   0   0   0   0   0   0   0   0   0   0   0   0   0   0   45  81  0   52  0   0
   0   0   0   0   0   0   0   0   0   0   0   0   0   0   0   0   52  0   42  0
   0   0   0   0   0   0   0   0   0   0   0   0   101 0   0   0   0   42  0   46
   0   0   0   0   0   0   0   0   0   0   0   0   0   103 0   0   0   0   46  0];

%T(i,1) - node1
%T(i,2) - node2
%T(i,3) - Mbps from node1 to node2
%T(i,4) - Mbps from node2 to node1
T=  [1     2    32    60
     1     3    78    82
     1     4    23    18
     1     6    60    72
     1    10    13    17
     1    11    14    12
     1    12    15    14
     1    14    55    54
     1    15    17    16
     1    16    14    14
     1    17    12    21
     1    18    15    14
     1    19    10    13
     1    20    12    11
     2     3    80    84
     2     4    38    51
     2     6   350   330
     2    10    51    70
     2    11    78    48
     2    12    70    81
     2    14   280   240
     2    15    42    49
     2    16    64    63
     2    17    54    45
     2    18    52    38
     2    19    43    45
     2    20    37    34
     3     4    11    21
     3     6   260   270
     3    10    19    14
     3    11    15    13
     3    12    38    47
     3    14    84    65
     3    15    18    14
     3    16    12    13
     3    17    15    16
     3    18    17    14
     3    19    13    11
     3    20    21    10
     4     6    41    73
     4    10    26    13
     4    11    41    41
     4    12    16    13
     4    14    42    76
     4    15    15    13
     4    16    14    15
     4    17    19    22
     4    18    21    15
     4    19    12    21
     4    20    25    17
     6    10    54    61
     6    11    71    54
     6    12    59    79
     6    14   410   450
     6    15    54    49
     6    16    94    59
     6    17    83    73
     6    18    74    57
     6    19    64    67
     6    20    54    62
    10    11    12    19
    10    12    13    14
    10    14    56    42
    10    15    14    14
    10    16    15    18
    10    17    12    12
    10    18    17    14
    10    19    14    12
    10    20    16    15
    11    12    13    16
    11    14    63    42
    11    15    12    13
    11    16    15    24
    11    17    14    14
    11    18    11    12
    11    19    11    17
    11    20    17    18
    12    14    44    44
    12    15    13    16
    12    16    37    17
    12    17    13    17
    12    18    21    13
    12    19    15    21
    12    20    12    22
    14    15    54    63
    14    16    76    75
    14    17    53    59
    14    18    45    65
    14    19    34    46
    14    20    38    42
    15    16    15    19
    15    17    14    14
    15    18    16    11
    15    19    18    10
    15    20    13    17
    16    17    15    16
    16    18    20    15
    16    19    14    12
    16    20    14    10
    17    18    13    12
    17    19    12    11
    17    20    11    16
    18    19    14    32
    18    20    15    25
    19    20    24    14];
